SNP Chr Pos pv.farmcpu effect.farmcpu MAF
2_25838 1 27243351 1.02110603105975e-12 1.18624928270631 0.0214285714285715
2_08538 1 37305549 1.24740847600891e-05 0.243982484599258 0.263265306122449
2_31713 2 33687680 3.16576706008141e-14 -1.06764710410629 0.146938775510204
1_1440 4 33980072 1.15630733015396e-09 1.02586219572255 0.0255102040816327
2_03761 4 37777756 9.99399378643106e-08 -0.442116085122197 0.119387755102041
2_25013 5 1940151 1.04613913316665e-06 0.491083021810514 0.0806122448979592
2_31199 7 1870231 1.94313174065979e-10 0.488473501083057 0.141836734693878
2_24777 8 204958 7.58332413686207e-07 0.441854189417689 0.248979591836735
2_20099 10 3634073 1.15585875166192e-05 0.287072221247771 0.158163265306122
2_30218 10 33723049 6.52471054417673e-12 -1.10262046467366 0.0214285714285715
2_10526 11 36989591 1.10915079361349e-05 -0.226407297960948 0.327551020408163
