SNP Chr Pos pv.farmcpu effect.farmcpu MAF
2_39167 1 23923627 9.4652347741475e-06 -0.484081301232531 0.179310344827586
2_17040 1 28880537 1.3640768672835e-05 0.51557910765371 0.0706896551724138
2_33252 2 29532283 8.27460970737777e-06 -0.413451545253858 0.212931034482759
2_22624 2 33688309 1.77400584425129e-07 0.78264173483118 0.13448275862069
2_28874 3 45420131 2.43044357151394e-09 1.49891583068184 0.0275862068965518
2_21835 3 50152772 1.43470607832323e-05 0.438385589748304 0.104310344827586
2_13970 4 36413791 3.75060193523176e-07 -0.933167357032805 0.0267241379310345
2_22111 6 18193649 1.54358957516339e-05 0.347758108223976 0.35
2_13322 6 31231514 9.58598051450604e-11 -0.747023888982109 0.106896551724138
2_22529 7 38022387 1.85203012249132e-08 -1.04091476051283 0.0568965517241379
2_35005 8 29096856 2.06831403522783e-06 0.800572457503162 0.0275862068965518
2_17305 9 42038921 1.4349280313016e-11 -0.696794965654962 0.143103448275862
2_11468 11 1043540 4.12901471240523e-06 -0.442543089910447 0.156896551724138
