SNP Chr Pos pv.blink effect.blink MAF
2_19805 1 37059652 2.38839264368194e-08 0.589251838689123 0.0827586206896552
2_47740 2 22936044 5.21443415023521e-06 -0.352909496547834 0.355172413793103
2_32331 3 6095883 1.38992706437934e-12 -1.10208167148465 0.0724137931034483
2_21835 3 50152772 3.5873564147502e-09 0.608097932218906 0.104310344827586
2_40789 4 6508591 3.4571745923657e-08 0.542318256300106 0.356034482758621
2_24628 4 41047883 1.63719268756018e-08 1.04599381322641 0.0413793103448276
2_03671 5 46697134 8.49901780732454e-07 -0.613921182156373 0.0525862068965517
2_13088 6 31379529 2.08626495618463e-12 0.847022825317126 0.141379310344828
1_0785 8 7178718 5.59914792893138e-06 0.976766907394506 0.0232758620689655
2_55363 9 11397510 1.18264899249592e-07 -0.802770629139712 0.0387931034482759
2_17305 9 42038921 2.00555071534558e-10 -0.598634223538895 0.143103448275862
2_47734 10 7250074 1.10797028992833e-07 -0.636015815986589 0.121551724137931
2_11266 10 12789408 6.64257439006109e-06 0.390581681507914 0.199137931034483
2_26395 10 15905268 6.28219375738264e-11 0.849470190929139 0.116379310344828
2_28251 10 33206385 2.08265609534206e-06 0.529574889107714 0.071551724137931
2_48994 10 39337620 2.16040400025232e-07 0.86307911740036 0.0318965517241379
